Wall time,Step,Value
1699363759.7881458,25,1.5529626607894897
1699363936.336702,99,0.5281190276145935
1699364178.356838,213,0.40748652815818787
1699364236.082858,248,0.3870508372783661
1699364245.3081882,253,0.3847924768924713
1699364417.617329,327,0.3564351499080658
1699364425.9146597,332,0.35104671120643616
1699364493.2223904,372,0.33616000413894653
1699364598.5218894,406,0.3441317081451416
1699364641.4040506,431,0.3427533507347107
1699364699.8549776,466,0.3354111909866333
1699364840.175975,520,0.3234439492225647
1699364873.5025496,540,0.3252217471599579
1699364906.7712688,560,0.3221459984779358
1699365078.4735942,634,0.30800312757492065
1699365191.5037408,673,0.31996145844459534
1699365208.1816843,683,0.31946560740470886
1699365380.766459,757,0.3073587715625763
1699365404.99384,772,0.2998672127723694
1699365488.547901,822,0.2927253544330597
1699365513.5224597,837,0.29657891392707825
1699365586.1888006,851,0.293550968170166
1699365602.4581,861,0.293447881937027
1699365668.8536627,901,0.2906964421272278
1699365885.1365361,1000,0.28113433718681335
1699366041.286665,1064,0.2875639796257019
1699366058.2284899,1074,0.281209796667099
1699366313.8535242,1198,0.28290706872940063
1699366493.0862768,1277,0.2743094563484192
1699366501.321509,1282,0.27967938780784607
1699366664.9288418,1351,0.2834230959415436
1699366672.639365,1356,0.28382572531700134
1699366827.0969517,1420,0.2808525562286377
1699366853.1929762,1435,0.28044918179512024
1699366919.6727388,1475,0.28143176436424255
1699366943.949509,1490,0.2820771038532257
1699367083.0648203,1544,0.27852702140808105
1699367311.916365,1653,0.2739180624485016
1699367337.0497139,1668,0.2763481140136719
1699367362.1875184,1683,0.2811351716518402
1699367672.5509422,1811,0.27904418110847473
1699367771.927926,1871,0.27729296684265137
1699367877.4591687,1905,0.2797107696533203
1699367894.23558,1915,0.27734678983688354
1699368048.3707528,1979,0.2814337909221649
1699368115.9227436,2019,0.2846847176551819
1699368149.3058307,2039,0.28127676248550415
1699368166.2031305,2049,0.27800026535987854
1699368305.1404219,2103,0.2806573510169983
1699368321.856791,2113,0.28123077750205994
1699368467.4231918,2172,0.2796870470046997
1699368526.811879,2207,0.2791489362716675
1699368698.4232688,2281,0.28022006154060364
1699368705.8846886,2286,0.28049173951148987
1699368722.8448749,2296,0.2766225337982178
1699368782.6520407,2331,0.2718019485473633
1699368961.4357753,2410,0.27995991706848145
1699368994.920394,2430,0.2812891900539398
1699369132.9367929,2484,0.2708803713321686
1699369175.5925176,2509,0.2774439752101898
1699369183.0440574,2514,0.2774457335472107
1699369287.1322768,2548,0.27845674753189087
1699369534.7110558,2667,0.2808453142642975
1699369551.3670833,2677,0.2785319685935974
1699369558.9258857,2682,0.2754017114639282
1699369568.1894944,2687,0.2762450575828552
1699369592.2630281,2702,0.280357301235199
1699369779.454658,2786,0.27552586793899536
1699369804.688769,2801,0.2801586389541626
1699369821.5557234,2811,0.2815723717212677
1699369893.460904,2825,0.2790853679180145
1699369943.4419332,2855,0.2721344828605652
1699369993.1041186,2885,0.27423396706581116
1699370026.657297,2905,0.2775450646877289
1699370130.4702532,2939,0.2760429382324219
1699370146.7917833,2949,0.27307844161987305
1699370179.8493116,2969,0.2783743739128113
1699370418.6136932,3083,0.27888765931129456
1699370505.7113051,3107,0.2694271504878998
1699370522.6178703,3117,0.2725145220756531
1699370800.6713285,3256,0.27436888217926025
1699370842.6830912,3281,0.27313166856765747
1699370851.575613,3286,0.27497726678848267
1699370973.6070535,3330,0.27659228444099426
1699371023.8548534,3360,0.2745015621185303
1699371032.6991236,3365,0.2718394994735718
1699371204.6139119,3439,0.27415165305137634
1699371333.0289655,3488,0.2816208302974701
1699371399.8751934,3528,0.27795007824897766
1699371596.863695,3617,0.2796192169189453
1699371613.7195377,3627,0.2727237641811371
1699371948.6441936,3770,0.27723148465156555
1699371982.3475566,3790,0.2783243954181671
1699372033.3032854,3820,0.27489280700683594
1699372196.4332566,3889,0.27434489130973816
1699372416.3757389,3993,0.2774794399738312
1699372562.7873495,4052,0.2717856466770172
1699372571.8129022,4057,0.2706613540649414
1699372621.2637854,4087,0.27077627182006836
1699372671.6519918,4117,0.27787140011787415
1699372861.0468197,4201,0.27654245495796204
1699372868.616516,4206,0.27784568071365356
1699372885.2998967,4216,0.2747977077960968
1699373042.0485287,4280,0.273929238319397
1699373205.3393736,4349,0.2801670730113983
1699373467.6438475,4478,0.2673754394054413
1699373597.0184488,4527,0.2739619314670563
1699373638.290829,4552,0.2729610502719879
1699373818.2467418,4631,0.27183371782302856
1699373909.6583035,4686,0.26802533864974976
1699373997.8942034,4710,0.2664327919483185
1699374295.6880734,4859,0.2707613408565521
1699374450.346171,4923,0.27219995856285095
1699374508.2668467,4958,0.26738518476486206
1699375089.6814592,5220,0.2712305784225464
1699375115.434509,5235,0.269969642162323
1699375132.154863,5245,0.26547515392303467
1699375279.486184,5304,0.26995137333869934
1699375338.550071,5339,0.2657909691333771
1699375425.7082517,5363,0.26560449600219727
1699375442.0631058,5373,0.2653973698616028
1699375516.114588,5418,0.2688138484954834
1699375729.612759,5517,0.2701544165611267
1699375900.3710594,5591,0.2638784945011139
1699375908.0799031,5596,0.26364263892173767
1699375924.9054608,5606,0.2648131847381592
1699375958.3576593,5626,0.27054885029792786
1699376089.1373076,5675,0.26571688055992126
1699376244.8899024,5739,0.27130839228630066
1699376278.5161924,5759,0.2724774479866028
1699376295.0458472,5769,0.27463653683662415
1699376319.0450053,5784,0.2679370641708374
1699376335.5050178,5794,0.27267906069755554
1699376352.2499967,5804,0.26930904388427734
1699376489.3784063,5858,0.265360027551651
1699376523.1673043,5878,0.2584117650985718
1699376581.3079703,5913,0.2709288001060486
1699376654.1854517,5927,0.27333226799964905
1699376754.833442,5987,0.27028247714042664
1699376796.0196052,6012,0.26710566878318787
1699376858.8947623,6021,0.2672892212867737
1699376960.6537054,6081,0.2686491310596466
1699377099.1263788,6135,0.26564958691596985
1699377115.6613219,6145,0.2675289213657379
1699377183.2675283,6185,0.2661416530609131
1699377311.7331266,6234,0.2689937949180603
1699377321.0281742,6239,0.26867231726646423
1699377541.3976483,6343,0.26645660400390625
1699377574.7448168,6363,0.2672233581542969
1699377686.1816852,6402,0.26873502135276794
1699377916.2742472,6511,0.2612777054309845
1699377957.3361368,6536,0.26485276222229004
1699377966.5253897,6541,0.2634827494621277
1699377983.2255301,6551,0.26466721296310425
1699378007.764613,6566,0.26436513662338257
1699378097.7728717,6590,0.26506319642066956
1699378148.5199316,6620,0.2622069716453552
1699378181.8062108,6640,0.2637173533439636
1699378224.3615263,6665,0.2695634067058563
1699378328.5913134,6699,0.2710837721824646
1699378517.1678529,6783,0.25871238112449646
1699378582.995557,6823,0.25776830315589905
1699378771.7729492,6907,0.2648235261440277
1699378795.9363668,6922,0.26918861269950867
1699379017.9803975,7026,0.2646695077419281
1699379199.2142031,7105,0.26345890760421753
1699379232.4027958,7125,0.263439416885376
1699379378.3286998,7184,0.26990148425102234
1699379387.5103583,7189,0.27002549171447754
1699379421.0839052,7209,0.26591965556144714
1699379840.428524,7402,0.26179108023643494
1699380069.4906774,7511,0.25960418581962585
1699380078.6003077,7516,0.25857216119766235
1699380283.2320824,7610,0.2617502808570862
1699380345.7703972,7619,0.2626003623008728
1699380369.832188,7634,0.26039424538612366
1699380479.955784,7699,0.2629190981388092
1699380550.489377,7713,0.2606927156448364
1699380642.0972953,7768,0.26368480920791626
1699380668.3904128,7783,0.2615742087364197
1699380755.137663,7807,0.26341670751571655
1699380822.06236,7847,0.2573533356189728
1699380889.3518834,7887,0.261586993932724
1699380967.177603,7906,0.2596687376499176
1699380993.0822978,7921,0.2615504264831543
1699381092.3631146,7981,0.2592388093471527
1699381230.1851068,8035,0.2587084472179413
1699381368.0103934,8089,0.2603689730167389
1699381391.8666525,8104,0.25908350944519043
1699381509.4858353,8174,0.2621477246284485
1699381589.4913259,8193,0.2589949369430542
1699381630.0491164,8218,0.25427815318107605
1699381655.2531135,8233,0.26023027300834656
1699381784.3513536,8282,0.2639722526073456
1699381877.125681,8337,0.2682115137577057
1699381918.5761096,8362,0.2590532898902893
1699381989.2335722,8376,0.252382755279541
1699382244.2259805,8500,0.25714415311813354
1699382311.6410015,8540,0.25511661171913147
1699382328.3911955,8550,0.2566804885864258
1699382465.7717083,8604,0.2561059892177582
1699382525.7017665,8639,0.25286346673965454
1699382713.770522,8723,0.2592655122280121
1699382843.7789333,8772,0.25680795311927795
1699382894.1952953,8802,0.2594113051891327
1699383023.5786164,8851,0.2652360200881958
1699383090.4994264,8891,0.2579936981201172
1699383107.4643023,8901,0.25809091329574585
1699383131.8203247,8916,0.25631552934646606
1699383220.3374915,8940,0.25693193078041077
1699383280.212952,8975,0.2656872570514679
1699383321.2250633,9000,0.26049235463142395
1699383434.5052178,9039,0.2514936923980713
1699383560.0618603,9114,0.2534034550189972
1699383918.832893,9272,0.2584698796272278
1699383935.6284382,9282,0.26353153586387634
1699384089.1850936,9346,0.24760328233242035
1699384114.5527518,9361,0.25271502137184143
1699384236.288873,9405,0.2603888213634491
1699384447.3280137,9504,0.2595759630203247
1699384736.5984724,9648,0.2603490352630615
1699384770.147333,9668,0.2612104117870331
1699384899.496572,9717,0.26435235142707825
1699384940.8736558,9742,0.2603762447834015
1699384957.467704,9752,0.2579364776611328
1699385186.4023247,9861,0.2544108033180237
1699385332.7073371,9920,0.25290557742118835
1699385358.2791498,9935,0.257825642824173
1699385461.9194725,9969,0.26260218024253845
1699385469.4029202,9974,0.2593901455402374
1699385594.5114844,10049,0.25462549924850464
1699385603.4426956,10054,0.25571346282958984
1699385748.7859774,10113,0.25074949860572815
1699385782.2721713,10133,0.25568294525146484
1699385877.8454478,10162,0.25619742274284363
1699385894.5068576,10172,0.25530216097831726
1699386004.876864,10237,0.2578679621219635
1699386012.5517125,10242,0.25881680846214294
1699386093.1507747,10261,0.252070814371109
1699386109.883184,10271,0.25083717703819275
1699386201.426386,10326,0.25845447182655334
1699386218.3778248,10336,0.26100340485572815
1699386339.817762,10380,0.2494249939918518
1699386349.2212234,10385,0.24895867705345154
1699387310.4347463,10815,0.2475963979959488
1699387385.3808074,10860,0.24494321644306183
1699387523.1234512,10914,0.2615855932235718
1699387615.1585803,10969,0.2509973347187042
1699387743.6609468,11018,0.25678151845932007
1699387786.686942,11043,0.25051307678222656
1699387794.2744305,11048,0.2536524534225464
1699387828.0334957,11068,0.25159886479377747
1699387837.182946,11073,0.2525657117366791
1699387949.916049,11112,0.2500472068786621
1699388050.5564306,11172,0.2496083676815033
1699388411.1591327,11330,0.2530844211578369
1699388675.3064306,11459,0.2523384988307953
1699388854.2254996,11538,0.24670039117336273
1699388957.8895798,11572,0.2582436501979828
1699389041.598988,11622,0.25338008999824524
1699389213.6962354,11696,0.24957190454006195
1699389256.5819163,11721,0.252342164516449
1699389419.8556485,11790,0.24524351954460144
1699389674.763079,11914,0.24977529048919678
1699389983.7251055,12042,0.24841094017028809
1699390077.2007263,12097,0.25078296661376953
1699390101.536492,12112,0.24669770896434784
1699390265.1258352,12181,0.24837428331375122
1699390405.8699727,12235,0.25489097833633423
1699390604.048467,12324,0.2568797171115875
1699390909.354705,12478,0.2528022527694702
1699390943.3441641,12498,0.25289642810821533
1699391007.154912,12507,0.24800793826580048
1699391040.8664372,12527,0.2513888478279114
1699391470.615157,12725,0.24528025090694427
1699391512.2105153,12750,0.24801087379455566
1699391678.5132957,12819,0.2525884807109833
1699391746.0921488,12859,0.24709811806678772
1699391770.7192383,12874,0.25045672059059143
1699392048.3753905,12982,0.24270501732826233
1699392116.4382174,13022,0.25109636783599854
1699392160.3244493,13047,0.2529558539390564
1699392256.4492342,13076,0.24361035227775574
1699392375.5384033,13146,0.2500457167625427
1699392392.7284236,13156,0.2460726797580719
1699392522.772939,13205,0.2488010972738266
1699392539.6737967,13215,0.2503691017627716
1699392949.0042534,13403,0.24591809511184692
1699393094.9152322,13462,0.25201693177223206
1699393104.2365544,13467,0.2520451247692108
1699393187.479298,13517,0.24585817754268646
1699393274.6254523,13541,0.25104883313179016
1699393332.7710035,13576,0.25304338335990906
1699393390.494841,13611,0.24395565688610077
1699393554.123531,13680,0.24888916313648224
1699393621.8102047,13720,0.2469359189271927
1699393684.3216639,13729,0.24445469677448273
1699393742.1586974,13764,0.24014529585838318
1699393775.7748835,13784,0.24524453282356262
1699393784.869847,13789,0.24746090173721313
1699393809.047921,13804,0.24907401204109192
1699394022.1472194,13903,0.24582748115062714
1699394144.4210308,13947,0.25360816717147827
1699394152.2326875,13952,0.25384122133255005
1699394177.785688,13967,0.2511594295501709
1699394236.2546299,14002,0.2501874566078186
1699394315.2018685,14021,0.24781067669391632
1699394332.175726,14031,0.24921128153800964
1699394356.4730227,14046,0.2492862343788147
1699394389.9608998,14066,0.2511115074157715
1699394520.6861422,14115,0.2437446415424347
1699394571.3178315,14145,0.24392373859882355
1699394612.36481,14170,0.24205532670021057
1699394645.9376318,14190,0.2428402602672577
1699394801.0539129,14254,0.24910344183444977
1699394810.3618832,14259,0.25001901388168335
1699394843.7570992,14279,0.24809163808822632
1699394938.4030278,14308,0.24147430062294006
1699394947.606247,14313,0.23986750841140747
1699394955.377287,14318,0.2375953048467636
1699395056.1090283,14378,0.246453657746315
1699395118.5259044,14387,0.24762307107448578
1699395126.2621398,14392,0.24439637362957
1699395168.940321,14417,0.24042634665966034
1699395209.6494591,14442,0.2450334131717682
1699395235.472605,14457,0.24621233344078064
1699395330.6200783,14486,0.2466508448123932
1699395373.4965947,14511,0.24537748098373413
1699395431.5974295,14546,0.24576908349990845
1699395765.9241838,14689,0.24657697975635529
1699396003.5349178,14803,0.24416109919548035
1699396141.2556028,14857,0.24635469913482666
1699396282.8704767,14942,0.2518194615840912
1699396345.3218746,14951,0.25274160504341125
1699396558.229758,15050,0.2366301417350769
1699396642.2619653,15100,0.24637362360954285
1699396976.3094215,15243,0.2508540153503418
1699397000.7427227,15258,0.2509252429008484
1699397164.4542449,15327,0.2442377209663391
1699397370.3513286,15421,0.24806329607963562
1699397394.5227122,15436,0.24868366122245789
1699397454.4299471,15471,0.24079731106758118
1699397478.9730306,15486,0.23899440467357635
1699397599.7776415,15530,0.23983576893806458
1699397708.6680477,15595,0.2410057932138443
1699397846.1622326,15649,0.23822955787181854
1699398092.19527,15768,0.24508224427700043
1699398272.0213163,15847,0.24631965160369873
1699398434.4950325,15916,0.23694710433483124
1699398844.1985297,16104,0.23892880976200104
1699398853.6731074,16109,0.24176687002182007
1699399007.1238525,16173,0.24404726922512054
1699399064.5973315,16208,0.2432485669851303
1699399073.705411,16213,0.24281661212444305
1699399081.1269736,16218,0.24108371138572693
1699399131.668631,16248,0.24357455968856812
1699399220.4468076,16272,0.24286681413650513
1699399253.8942163,16292,0.2462746948003769
1699399263.3061237,16297,0.24749526381492615
1699399270.861804,16302,0.24715550243854523
1699399313.468752,16327,0.238427072763443
1699399330.243178,16337,0.2356604039669037
1699399525.0731008,16426,0.2409152388572693
1699399867.2378874,16574,0.2391948699951172
1699399909.6728709,16599,0.24024343490600586
1699400063.0949843,16663,0.24597999453544617
1699400079.7124724,16673,0.246902734041214
1699400138.0418193,16708,0.24115678668022156
1699400233.9703293,16737,0.2403428554534912
1699400342.0528662,16802,0.24174779653549194
1699400367.6619868,16817,0.23902620375156403
1699400438.1549914,16831,0.2327602654695511
1699400495.9475365,16866,0.23332588374614716
1699400651.5622735,16930,0.24571757018566132
1699400906.664031,17054,0.23572413623332977
1699400932.6106336,17069,0.23904140293598175
1699401290.2469382,17227,0.24654828011989594
1699401356.8203924,17267,0.24020595848560333
1699401748.67176,17445,0.23835140466690063
1699401935.3711138,17529,0.23305073380470276
1699402010.4246597,17574,0.23739388585090637
1699402140.3042898,17623,0.24165309965610504
1699402165.445506,17638,0.2410164624452591
1699402182.2399344,17648,0.24168148636817932
1699402277.63,17677,0.2367510199546814
1699402285.131191,17682,0.23544111847877502
1699402351.80796,17722,0.23502282798290253
1699402497.909212,17781,0.23996928334236145
1699402614.6971605,17851,0.24074484407901764
1699402702.4272833,17875,0.24383413791656494
1699402735.970342,17895,0.24284125864505768
1699402802.3708622,17935,0.23381316661834717
1699402896.931627,17964,0.23980329930782318
1699403135.5573292,18078,0.23523513972759247
1699403194.7338657,18113,0.2451173961162567
1699403372.104354,18192,0.23836296796798706
1699403381.1558309,18197,0.23515966534614563
1699403388.9363537,18202,0.23467709124088287
1699403439.467818,18232,0.23532326519489288
1699403509.079336,18246,0.23745758831501007
1699403568.572098,18281,0.23354515433311462
1699403740.6714969,18355,0.23756754398345947
1699403841.5998461,18415,0.23684589564800262
1699404044.4470181,18509,0.23880690336227417
1699404148.4209428,18543,0.23801878094673157
1699404214.5143268,18583,0.2305428385734558
1699404336.2591317,18627,0.23990382254123688
1699404360.4568875,18642,0.2411971539258957
1699404419.5148213,18677,0.2397310435771942
1699404565.4695632,18736,0.2417941838502884
1699404574.6267672,18741,0.24136199057102203
1699404731.055431,18805,0.23585280776023865
1699404839.1443388,18870,0.23406608402729034
1699404847.379318,18875,0.23479755222797394
1699404855.9331064,18880,0.2349233627319336
1699404863.5863373,18885,0.23548486828804016
1699405034.0817964,18959,0.23269250988960266
1699405343.2193012,19087,0.2316894680261612
1699405367.2376647,19102,0.22983630001544952
1699405383.994068,19112,0.22572672367095947
1699405400.6722898,19122,0.22715115547180176
1699405426.1578803,19137,0.23161567747592926
1699405459.347106,19157,0.23865669965744019
1699405484.730071,19172,0.24305860698223114
1699405546.9506054,19181,0.24191729724407196
1699405753.0988746,19275,0.23175643384456635
1699405836.9729385,19325,0.23554064333438873
1699405990.6498933,19389,0.23571662604808807
1699406031.457332,19414,0.2386704981327057
1699406212.6173031,19493,0.23147225379943848
1699406373.8893023,19562,0.2416360080242157
1699406383.170943,19567,0.23872311413288116
1699406399.7717323,19577,0.237514466047287
1699406440.51584,19602,0.23318365216255188
1699406449.4262667,19607,0.23083806037902832
1699406507.8112757,19642,0.2385842502117157
1699406577.422676,19656,0.23957659304141998
1699406775.5394752,19745,0.23359645903110504
1699406792.0698493,19755,0.23905545473098755
1699406799.6977515,19760,0.23915188014507294
1699406833.1545088,19780,0.23950468003749847
1699406859.1743867,19795,0.23739585280418396
1699407105.0147867,19914,0.23010823130607605
1699407243.686667,19968,0.2282680720090866
1699407506.3491154,20097,0.23683302104473114
1699407522.779018,20107,0.23891779780387878
1699407660.5895045,20161,0.23750039935112
1699407735.9233873,20206,0.23027782142162323
1699407816.2291248,20225,0.2286733090877533
1699408121.6583867,20379,0.22745515406131744
1699408249.7007916,20428,0.2390546202659607
1699408282.602474,20448,0.23318010568618774
1699408333.5461123,20478,0.23590607941150665
1699408486.3783581,20542,0.23653189837932587
1699408512.0937061,20557,0.23785050213336945
1699408706.682152,20646,0.23313786089420319
1699408740.421286,20666,0.23454101383686066
1699408869.9558337,20715,0.22779512405395508
1699408944.5077481,20760,0.23450472950935364
1699409048.614545,20794,0.2229059338569641
1699409090.9732664,20819,0.2305290251970291
1699409329.4134538,20933,0.23914609849452972
1699409362.898272,20953,0.2388017326593399
1699409433.1874888,20967,0.23755992949008942
1699409507.8684494,21012,0.23465752601623535
1699409550.7633305,21037,0.229326069355011
1699409654.86767,21071,0.23263780772686005
1699409705.0863545,21101,0.23157581686973572
1699409762.8220482,21136,0.2375539243221283
1699410182.0382404,21329,0.23637081682682037
1699410497.8532732,21462,0.231636643409729
1699410548.401561,21492,0.22870710492134094
1699410598.7332304,21522,0.22880840301513672
1699410677.9672983,21541,0.23406417667865753
1699410915.945444,21655,0.23284243047237396
1699410998.6816626,21705,0.23567041754722595
1699411291.5147913,21823,0.23254327476024628
1699411315.8968697,21838,0.23165667057037354
1699411409.1536913,21893,0.23413966596126556
1699411587.9000318,21972,0.23110859096050262
1699411757.5157025,22046,0.2321692854166031
1699411808.0589957,22076,0.23244133591651917
1699412020.8176916,22175,0.22179563343524933
1699412099.4238713,22194,0.22290872037410736
1699412125.4540524,22209,0.22921381890773773
1699412133.0354815,22214,0.2330644577741623
1699412166.8685915,22234,0.23470431566238403
1699412421.0507298,22358,0.23060642182826996
1699412837.389408,22551,0.22863580286502838
1699412933.5400014,22580,0.2228219360113144
1699412976.7488449,22605,0.22836053371429443
1699413026.9710934,22635,0.22996023297309875
1699413538.3102136,22857,0.2290915548801422
1699413562.9423847,22872,0.23132197558879852
1699413750.1555846,22956,0.22911489009857178
1699413817.1486156,22996,0.23311255872249603
1699413851.014773,23016,0.23306331038475037
1699413931.443708,23035,0.22818860411643982
1699414032.2389102,23095,0.23302505910396576
1699414048.853972,23105,0.233717679977417
1699414194.0885193,23164,0.22830705344676971
1699414261.3066745,23204,0.22307489812374115
1699414409.0743532,23263,0.23433424532413483
1699414563.5239346,23327,0.22360576689243317
1699414807.8488517,23446,0.23906946182250977
1699414858.6749492,23476,0.23297609388828278
1699414892.3529038,23496,0.22517848014831543
1699415072.2409277,23575,0.2379627674818039
1699415217.242483,23634,0.23200708627700806
1699415301.3206968,23684,0.2242651730775833
1699415387.6134572,23708,0.22809360921382904
1699415430.9500794,23733,0.22772397100925446
1699415635.4802213,23827,0.22445416450500488
1699415652.1529713,23837,0.22559355199337006
1699415685.7646453,23857,0.22928784787654877
1699415789.797941,23891,0.2258821725845337
1699415856.7814639,23931,0.2288234680891037
1699416112.7544534,24055,0.2261214554309845
1699416190.0148745,24074,0.23451465368270874
1699416216.0793366,24089,0.23305854201316833
1699416632.4958792,24282,0.2227969914674759
1699416674.991314,24307,0.2247144728899002
1699416708.7576733,24327,0.22628790140151978
1699416716.4266732,24332,0.22593194246292114
1699416796.0447729,24351,0.23032918572425842
1699416837.27165,24376,0.22705766558647156
1699416929.1656039,24431,0.22760267555713654
1699417050.2122755,24475,0.23152047395706177
1699417084.0655618,24495,0.22823938727378845
1699417101.051771,24505,0.22364947199821472
1699417204.7878914,24539,0.22608661651611328
1699417271.7254503,24579,0.22892552614212036
1699417279.222448,24584,0.23156414926052094
1699417329.1880336,24614,0.2258964627981186
1699417408.3806114,24633,0.2248130738735199
1699417524.3699193,24703,0.22619108855724335
1699417636.9773965,24742,0.22892586886882782
1699417874.1177335,24856,0.2238413542509079
1699417933.1441038,24891,0.22225618362426758
1699418037.5289848,24925,0.22414664924144745
1699418071.088123,24945,0.23290954530239105
1699418078.5177462,24950,0.23212246596813202
1699418358.7567446,25089,0.2293790578842163
1699418436.5575721,25108,0.22381342947483063
1699418462.705813,25123,0.22426819801330566
1699418496.0738695,25143,0.22758245468139648
1699418684.4088163,25227,0.2274317890405655
1699418700.8701746,25237,0.2307300865650177
1699418717.5141208,25247,0.23175732791423798
1699418724.8694305,25252,0.22834789752960205
1699418733.9136364,25257,0.2276325821876526
1699418844.6967835,25296,0.22109612822532654
1699418853.851296,25301,0.2215660810470581
1699419058.252181,25395,0.2308168113231659
1699419279.8077433,25499,0.23260369896888733
1699419387.8425462,25564,0.22482451796531677
1699419550.5957832,25633,0.22469915449619293
1699419567.2523649,25643,0.22416481375694275
1699419778.9039898,25742,0.22428910434246063
1699419865.1868875,25766,0.22427190840244293
1699419924.5610151,25801,0.22199276089668274
1699419958.120754,25821,0.22317452728748322
1699419999.2140687,25846,0.2270810902118683
1699420365.7359407,26009,0.2251555621623993
1699420503.6031597,26063,0.2265283167362213
1699420510.9816663,26068,0.22452159225940704
1699420884.4786763,26236,0.22534210979938507
1699421140.2098725,26360,0.22692786157131195
1699421312.8824704,26434,0.22896568477153778
1699421355.6744792,26459,0.2290949523448944
1699421516.5267565,26528,0.2175220102071762
1699421525.7503426,26533,0.21786917746067047
1699421592.4020283,26573,0.22556854784488678
1699421609.1300192,26583,0.22450107336044312
1699421703.6443563,26612,0.21707826852798462
1699422121.430707,26805,0.22489315271377563
1699422154.8412728,26825,0.23267589509487152
1699422187.8298473,26845,0.2283223569393158
1699422246.6305287,26880,0.21987764537334442
1699422332.4849174,26904,0.2185898870229721
1699422341.548593,26909,0.2184823453426361
1699422358.2216768,26919,0.2192242592573166
1699422365.5682209,26924,0.2187151163816452
1699422520.3170502,26988,0.22556887567043304
1699422740.6533213,27092,0.2270945906639099
1699422833.9520128,27147,0.22450459003448486
1699422850.9060798,27157,0.22295506298542023
1699422944.9010887,27186,0.22075097262859344
1699422961.5717056,27196,0.22349874675273895
1699423004.5401964,27221,0.22364988923072815
1699423055.0357544,27251,0.22256161272525787
1699423167.2077363,27290,0.22294101119041443
1699423329.9733446,27359,0.22480987012386322
1699423454.6106863,27434,0.2211228311061859
1699423463.5826857,27439,0.22185365855693817
1699423550.551407,27463,0.23023755848407745
1699423583.5823588,27483,0.23363949358463287
1699423607.918945,27498,0.2235170304775238
1699423837.6092405,27607,0.2225998491048813
1699423966.154394,27656,0.21907883882522583
1699423982.5927598,27666,0.21979138255119324
1699424212.5010638,27775,0.22136183083057404
1699424220.5178494,27780,0.21993348002433777
1699424245.790592,27795,0.22355473041534424
1699424262.5414324,27805,0.2260751873254776
1699424350.6876686,27829,0.22946400940418243
1699424358.194102,27834,0.22912482917308807
1699424401.428537,27859,0.22871658205986023
1699424689.312075,28003,0.21962404251098633
1699424792.311252,28037,0.22265669703483582
1699424809.1093884,28047,0.22716161608695984
1699425055.4490755,28166,0.21707816421985626
1699425185.9194458,28215,0.22474853694438934
1699425193.3962913,28220,0.2256789207458496
1699425310.8312588,28290,0.2235168069601059
1699425423.0992665,28329,0.22308038175106049
1699425456.3957973,28349,0.2209588587284088
1699425650.9029527,28438,0.22262544929981232
1699425710.2887552,28473,0.2248247265815735
1699425780.583287,28487,0.22384421527385712
1699425804.8696885,28502,0.22140832245349884
1699425821.284203,28512,0.2173262983560562
1699426308.1947784,28745,0.21622614562511444
1699426402.5785265,28774,0.22247657179832458
1699426411.6172247,28779,0.22060179710388184
1699426469.6813118,28814,0.2190694957971573
1699426503.3812928,28834,0.2171429693698883
1699426520.3921034,28844,0.21713802218437195
1699426810.7155123,28962,0.21617554128170013
1699427047.756392,29076,0.21688029170036316
1699427148.312368,29136,0.22439830005168915
1699427464.856548,29269,0.21729286015033722
1699427895.2496758,29472,0.21597439050674438
1699428032.481603,29526,0.22069740295410156
1699428149.556085,29596,0.2183181345462799
1699428370.3279095,29700,0.2205761820077896
1699428635.571826,29803,0.2163502275943756
1699428692.534013,29838,0.22000335156917572
1699428776.4042406,29888,0.21922120451927185
1699428888.804794,29927,0.22297561168670654
1699428913.3058925,29942,0.2253962755203247
1699428972.4356844,29977,0.22045138478279114
1699429110.1918738,30031,0.21714180707931519
1699429126.7240078,30041,0.2160743921995163
1699429150.9083812,30056,0.22371728718280792
1699429160.0705192,30061,0.2248242348432541
1699429167.5145397,30066,0.22612471878528595
1699429176.8244128,30071,0.22623440623283386
1699429347.5477319,30145,0.22487099468708038
1699429475.9477468,30194,0.21650367975234985
1699429543.5392358,30234,0.22149981558322906
1699430072.1204312,30461,0.222779780626297
1699430416.8822868,30635,0.217995747923851
1699430723.6514523,30704,0.21909792721271515
1699430732.1869745,30709,0.2184743583202362
1699430749.3109062,30719,0.22351905703544617
1699431557.775576,31065,0.21897046267986298
1699431603.1222339,31090,0.21253237128257751
1699431630.710954,31105,0.21743854880332947
1699431760.4805617,31149,0.21602563560009003
1699431972.5720675,31238,0.21806475520133972
1699432056.6227174,31283,0.21558910608291626
1699432176.6271052,31322,0.21586726605892181
1699432230.3864236,31352,0.2174471765756607
1699432286.1020257,31382,0.21994324028491974
1699432294.64112,31387,0.22011855244636536
1699432719.3741117,31565,0.21704831719398499
1699432728.1837301,31570,0.21752811968326569
1699432859.12146,31614,0.22378723323345184
1699433124.3469198,31733,0.21345888078212738
1699433141.9069145,31743,0.21209600567817688
1699433151.2100677,31748,0.21410222351551056
1699433310.0085568,31807,0.21403194963932037
1699433516.4282956,31896,0.21764661371707916
1699433550.2738073,31916,0.21902889013290405
1699433567.5569947,31926,0.21881209313869476
1699433791.790051,32030,0.2209908664226532
1699433888.766964,32059,0.21711401641368866
1699433905.4536576,32069,0.2182939499616623
1699433922.0428634,32079,0.21838119626045227
1699434198.828208,32213,0.21954628825187683
1699434618.575213,32406,0.2143135964870453
1699434722.485829,32440,0.21176709234714508
1699434807.3214793,32490,0.218896746635437
1699434841.2876232,32510,0.21764202415943146
1699434927.3180065,32534,0.2178877741098404
1699434986.3933146,32569,0.21916602551937103
1699435045.0037353,32604,0.21579121053218842
1699435165.8526018,32648,0.2223699390888214
1699435454.527647,32792,0.21587930619716644
1699435472.0391397,32802,0.21144428849220276
1699435596.9047396,32841,0.21078629791736603
1699435670.338491,32881,0.21736209094524384
1699435678.5558364,32886,0.21854130923748016
1699435765.1805584,32905,0.21980279684066772
1699435891.4601192,32975,0.21539783477783203
1699436077.0054045,33049,0.21386125683784485
1699436112.6399972,33069,0.21421584486961365
1699436120.9696336,33074,0.21661849319934845
1699436130.4576192,33079,0.21563394367694855
1699436307.743751,33148,0.21824690699577332
1699436465.6046083,33207,0.21520578861236572
1699436473.4824665,33212,0.21481448411941528
1699436519.3782883,33237,0.21446336805820465
1699436537.5064216,33247,0.21570514142513275
1699436564.3006623,33262,0.2149084210395813
1699436720.8455024,33321,0.21920190751552582
1699437016.2788677,33455,0.2131923884153366
1699437269.802374,33549,0.21311400830745697
1699437540.023497,33648,0.21513527631759644
1699437663.101966,33682,0.21268105506896973
1699437771.0930216,33732,0.21283243596553802
1699437988.6884556,33806,0.21517950296401978
1699438209.2737033,33900,0.21333694458007812
1699438234.740925,33915,0.21510982513427734
1699438245.3277247,33920,0.21590858697891235
1699438603.9792068,34063,0.2148507684469223
1699438654.5145218,34093,0.21776342391967773
1699438678.9431002,34108,0.21740023791790009
1699438808.4917996,34157,0.2118847370147705
1699438858.8169115,34187,0.21217159926891327
1699438900.8444226,34212,0.21487821638584137
1699438963.4773471,34221,0.22061270475387573
1699439063.9669065,34281,0.21126297116279602
1699439106.2744288,34306,0.21242870390415192
1699439294.3786626,34390,0.212755024433136
1699439393.344103,34419,0.2065017968416214
1699439435.2585943,34444,0.20648899674415588
1699439469.3077455,34464,0.20939810574054718
1699439664.4435997,34548,0.21564055979251862
1699439675.137873,34553,0.21396146714687347
1699439844.5635972,34622,0.207864910364151
1699440068.13564,34726,0.21824143826961517
1699440224.4584277,34790,0.21481981873512268
1699440325.657078,34850,0.2140081524848938
1699440730.7658348,35033,0.21034927666187286
1699440843.222557,35072,0.21799510717391968
1699440885.8727763,35097,0.21515491604804993
1699440902.60162,35107,0.21540340781211853
1699440919.3596187,35117,0.21216054260730743
1699440970.9660137,35147,0.21473783254623413
1699441071.4648283,35171,0.21136920154094696
1699441264.488288,35255,0.21183085441589355
1699441356.5461729,35310,0.212527796626091
1699441373.2490425,35320,0.2138069123029709
1699441538.903278,35389,0.213837668299675
1699441563.4193525,35404,0.21315346658229828
1699441615.2802238,35434,0.21074311435222626
1699441816.8099523,35523,0.21346595883369446
1699441905.7365067,35547,0.21549096703529358
1699442034.463798,35622,0.211984783411026
1699442174.7910993,35676,0.2131127566099167
1699442201.559527,35691,0.21052202582359314
1699442226.422917,35706,0.2111596316099167
1699442325.2337465,35735,0.21266214549541473
1699442342.2842522,35745,0.21443860232830048
1699442393.5050886,35775,0.2110237330198288
1699442525.0921645,35824,0.2152354121208191
1699442584.6385186,35859,0.21182091534137726
1699442618.076844,35879,0.20602503418922424
1699442659.5486078,35904,0.21041211485862732
1699442856.0078402,35993,0.21220794320106506
1699443147.680523,36111,0.20677751302719116
1699443164.4471264,36121,0.2089240401983261
1699443188.848081,36136,0.20551764965057373
1699443336.8144448,36195,0.21615609526634216
1699443395.2359126,36230,0.21197697520256042
1699443633.2388544,36344,0.2044367492198944
1699443821.7726393,36428,0.2099190354347229
1699444009.69156,36512,0.2081591784954071
1699444052.4461343,36537,0.20883768796920776
1699444068.9364045,36547,0.21296072006225586
1699444093.7347455,36562,0.21351824700832367
1699444239.1455429,36621,0.21210730075836182
1699444289.2737844,36651,0.21135973930358887
1699444428.8240194,36705,0.2141207456588745
1699444436.4474802,36710,0.21468888223171234
1699444453.1960497,36720,0.21568970382213593
1699444616.2648034,36789,0.20900799334049225
1699444691.5556748,36834,0.2140297144651413
1699444700.0262697,36839,0.20988844335079193
1699445025.2126608,36977,0.21118195354938507
1699445084.1555166,37012,0.20561069250106812
1699445385.8404462,37135,0.2110079675912857
1699445443.7562513,37170,0.21020972728729248
1699445469.370871,37185,0.2082902193069458
1699445519.5750914,37215,0.20782308280467987
1699446001.0233262,37417,0.2122098058462143
1699446109.8731568,37482,0.21792049705982208
1699446118.4181762,37487,0.21753162145614624
1699446135.109472,37497,0.21408674120903015
1699446239.9402118,37531,0.2053564041852951
1699446264.5075285,37546,0.20682889223098755
1699446469.0758066,37640,0.2105528712272644
1699446537.207694,37680,0.21171696484088898
1699446675.1469545,37734,0.21031351387500763
1699446930.1814497,37858,0.21177570521831512
1699446964.0959678,37878,0.20700599253177643
1699447085.288112,37922,0.21045906841754913
1699447119.0475192,37942,0.2132139354944229
1699447249.102319,37991,0.20730042457580566
1699447462.6491702,38090,0.20725230872631073
1699447538.135735,38135,0.21063776314258575
1699447642.9736307,38169,0.2098313570022583
1699447913.5100834,38303,0.21200591325759888
1699447946.5450194,38323,0.21038909256458282
1699447963.2066162,38333,0.2119309902191162
1699448125.920067,38402,0.2114291489124298
1699448142.5104134,38412,0.21353773772716522
1699448168.4640234,38427,0.21365244686603546
1699448266.803702,38456,0.2029629647731781
1699448302.5130742,38476,0.20385263860225677
1699448391.6021707,38526,0.2109016329050064
1699448514.381713,38570,0.206889808177948
1699448890.7580805,38738,0.20777936279773712
1699448949.994255,38773,0.20390519499778748
1699449094.3925538,38832,0.21837544441223145
1699449103.4504428,38837,0.2207125425338745
1699449127.7316754,38852,0.22130778431892395
1699449152.8697526,38867,0.21950457990169525
1699449357.7644336,38961,0.20742328464984894
1699449391.4435654,38981,0.20789127051830292
1699449425.3848617,39001,0.20759570598602295
1699449496.8847067,39015,0.2062176913022995
1699449598.2568958,39075,0.20972087979316711
1699449907.6968763,39203,0.20400477945804596
1699449965.7642963,39238,0.20964539051055908
1699450008.019738,39263,0.20991301536560059
1699450129.2537544,39307,0.2079002410173416
1699450179.019599,39337,0.2083899974822998
1699450324.5217047,39396,0.20754843950271606
1699450391.5731237,39436,0.20669697225093842
1699450408.5190115,39446,0.20492687821388245
1699450459.2585726,39476,0.20730449259281158
1699450563.4398856,39510,0.20423559844493866
1699450664.7100673,39570,0.20804953575134277
1699450793.6977675,39619,0.20540635287761688
1699450852.3718114,39654,0.21004487574100494
1699450965.9295425,39693,0.21198426187038422
1699450983.066903,39703,0.2087036371231079
1699451000.2273386,39713,0.21100790798664093
1699451024.5929992,39728,0.20326350629329681
1699451393.5855458,39891,0.2072938084602356
1699451401.3604305,39896,0.20818865299224854
1699451443.0164552,39921,0.20985981822013855
1699451451.813923,39926,0.20846687257289886
1699451615.437716,39995,0.2057996541261673
1699451632.2552564,40005,0.20596349239349365
1699451640.108421,40010,0.20526041090488434
1699451896.5081553,40134,0.2095775157213211
1699452306.7914717,40322,0.2033432126045227
1699452410.6293926,40356,0.20821505784988403
1699452419.1126459,40361,0.20715346932411194
1699452435.6050177,40371,0.20373225212097168
1699452709.2144387,40505,0.20896586775779724
1699452718.5348248,40510,0.20797613263130188
1699452788.1999388,40524,0.2058362066745758
1699452797.2771769,40529,0.20609170198440552
1699452804.928916,40534,0.20671860873699188
1699452830.9512174,40549,0.20667904615402222
1699453060.2266695,40658,0.20471523702144623
1699453190.8886604,40707,0.2082556039094925
1699453198.6485932,40712,0.20868881046772003
1699453316.2387097,40782,0.20928065478801727
1699453470.5765023,40846,0.20755815505981445
1699453670.5151649,40935,0.20908933877944946
1699453704.7045095,40955,0.20205430686473846
1699453829.1337585,40999,0.201331228017807
1699453871.0368729,41024,0.20172841846942902
1699453879.98676,41029,0.2013944387435913
1699453931.0511258,41059,0.20558103919029236
1699454038.1117742,41093,0.20277543365955353
1699454158.586717,41163,0.20708419382572174
1699454325.2314887,41232,0.20653800666332245
1699454377.1584554,41262,0.2023470252752304
1699454544.659067,41331,0.2042381763458252
1699454561.5218298,41341,0.20499557256698608
1699454570.0973644,41346,0.20807215571403503
1699454676.8857095,41380,0.21068288385868073
1699454703.1378667,41395,0.20495912432670593
1699454719.6005356,41405,0.20314520597457886
1699454727.371341,41410,0.20164625346660614
1699454785.5004466,41445,0.20681121945381165
1699455097.630508,41568,0.1988753080368042
1699455378.6850095,41707,0.2066238969564438
1699455490.2247376,41746,0.20508724451065063
1699455763.2155154,41880,0.2073018103837967
1699455823.1591356,41915,0.20300540328025818
1699455901.1810126,41934,0.1992594450712204
1699455910.2381346,41939,0.20215585827827454
1699455927.090293,41949,0.2024257630109787
1699456097.8764749,42023,0.20472866296768188
1699456164.4610257,42063,0.20396959781646729
1699456223.4852855,42098,0.20226329565048218
1699456310.0925944,42122,0.20331193506717682
1699456411.1287997,42182,0.20478644967079163
1699456419.134783,42187,0.2017502337694168
1699456531.2940764,42226,0.20993979275226593
1699456624.7406805,42281,0.20587044954299927
1699456951.8424456,42419,0.20150470733642578
1699457018.1139805,42459,0.20512735843658447
1699457172.9375284,42523,0.20864756405353546
1699457189.7204053,42533,0.20824557542800903
1699457231.1135468,42558,0.20153598487377167
1699457402.0545197,42632,0.2049843668937683
1699457410.1700838,42637,0.20530179142951965
1699457426.9119022,42647,0.20079867541790009
1699457631.9082909,42741,0.2040552943944931
1699457639.6571734,42746,0.20417702198028564
1699457753.8929622,42785,0.2004879117012024
1699457820.930958,42825,0.20424574613571167
1699457828.9369953,42830,0.20398209989070892
1699457862.8218458,42850,0.20502352714538574
1699458009.0087957,42909,0.20468658208847046
1699458017.0556846,42914,0.20389918982982635
1699458170.822017,42978,0.2030009925365448
1699458180.1095495,42983,0.202312171459198
1699458443.0820296,43112,0.19993403553962708
1699458681.5326214,43226,0.20303431153297424
1699458786.5803573,43260,0.20748649537563324
1699458812.997489,43275,0.20460204780101776
1699458820.5577939,43280,0.2027551233768463
1699458853.83198,43300,0.20166169106960297
1699458897.0651305,43325,0.20104433596134186
1699458991.8997452,43354,0.20629426836967468
1699459445.4814472,43567,0.2014283537864685
1699459503.5669844,43602,0.20384785532951355
1699459583.2305498,43621,0.2007479965686798
1699459674.786603,43676,0.20621857047080994
1699459700.6365402,43691,0.2025773674249649
1699459805.1349206,43725,0.2028067260980606
1699459846.6198962,43750,0.20216462016105652
1699459914.0857692,43790,0.20038914680480957
1699459923.3683774,43795,0.20051805675029755
1699460069.1823938,43854,0.2007354497909546
1699460240.923666,43928,0.20500580966472626
1699460283.9033945,43953,0.2054082602262497
1699460504.606767,44057,0.19628001749515533
1699460727.2491388,44161,0.20142051577568054
1699460734.884768,44166,0.2013746201992035
1699460823.0416129,44190,0.2042832374572754
1699461129.3489168,44344,0.1994946300983429
1699461291.1852367,44413,0.20545148849487305
1699461487.5551767,44502,0.20309898257255554
1699461563.76445,44547,0.20864902436733246
1699461692.5684078,44596,0.20496198534965515
1699461768.5767717,44641,0.1992991417646408
1699461874.5661266,44675,0.19610941410064697
1699461882.323522,44680,0.1972499042749405
1699461950.1626663,44720,0.1991441696882248
1699462105.1810608,44784,0.201163187623024
1699462379.531026,44918,0.20220279693603516
1699462476.076785,44947,0.2015068233013153
1699462577.0200553,45007,0.20463137328624725
1699462593.277383,45017,0.20779095590114594
1699462601.6991527,45022,0.20529498159885406
1699462705.5369503,45056,0.20233654975891113
1699463076.6914005,45219,0.19648224115371704
1699463084.3186085,45224,0.19687208533287048
1699463118.798291,45244,0.20028452575206757
1699463424.389753,45393,0.20579969882965088
1699463496.4584703,45407,0.20960335433483124
1699463546.7407498,45437,0.20461495220661163
1699463709.5153499,45506,0.19975532591342926
1699463752.050274,45531,0.19775940477848053
1699463802.7493415,45561,0.20469455420970917
1699464028.770348,45665,0.19926734268665314
1699464151.5132318,45709,0.2041674256324768
1699464168.2665653,45719,0.20351462066173553
1699464209.5836775,45744,0.20106394588947296
1699464260.559177,45774,0.20093412697315216
1699464407.8891385,45833,0.20183993875980377
1699464424.735305,45843,0.19845464825630188
1699464563.4176862,45897,0.2014746069908142
1699464655.5720656,45952,0.20554639399051666
1699464743.0398927,45976,0.20400649309158325
1699464760.1183307,45986,0.2059345841407776
1699464820.007585,46021,0.19961464405059814
1699464942.0320866,46065,0.2008970081806183
1699464966.3581202,46080,0.19999654591083527
1699464983.2301717,46090,0.20008061826229095
1699465050.851035,46130,0.20002524554729462
1699465427.37584,46298,0.20090578496456146
1699465470.011461,46323,0.20371657609939575
1699465584.4815545,46362,0.20098915696144104
1699465679.7421665,46417,0.20132769644260406
1699465777.091559,46446,0.2021358162164688
1699465786.316229,46451,0.2006569802761078
1699465845.0841532,46486,0.20420877635478973
1699465993.5902548,46545,0.1996847540140152
1699466036.4512353,46570,0.197096586227417
1699466072.2344396,46590,0.20553728938102722
1699466289.9213235,46689,0.20080065727233887
1699466616.701095,46827,0.2012375295162201
1699466650.5582821,46847,0.20371371507644653
1699466725.8083532,46892,0.20597811043262482
1699466830.591653,46926,0.19912396371364594
1699466840.2169218,46931,0.19983771443367004
1699466874.1307948,46951,0.19936804473400116
1699466949.3121984,46996,0.20358838140964508
